(144115188094719545,
144115188094719546,
144115188094721853,
144115188094721854,
144115188094721987,
144115188094722123,
144115188094722124,
144115188094722127,
144115188094722128,
144115188094722453,
144115188094722454,
144115188094722455,
144115188094722475,
144115188094722935,
144115188094722941,
144115188094722942,
144115188094724289,
144115188094724544,
144115188094724565,
144115188094724651,
144115188094724652,
144115188094724669,
144115188094724670,
144115188094724821,
144115188094724827,
144115188094724828,
144115188094724893,
144115188094724894,
144115188094724937,
144115188094724938,
144115188094725032,
144115188094725033,
144115188094725068,
144115188094725069,
144115188094725122,
144115188094725123,
144115188094725188,
144115188094725189,
144115188094725214,
144115188094725215,
144115188094725416,
144115188094725417,
144115188094725430,
144115188094725431,
144115188094725558,
144115188094725559,
144115188094725666,
144115188094725667,
144115188094725869,
144115188094725870,
144115188094725893,
144115188094725894,
144115188094726125,
144115188094726126,
144115188094726136,
144115188094726219,
144115188094726220,
144115188094726359,
144115188094726637,
144115188094726638,
144115188094726651,
144115188094726652,
144115188094726707,
144115188094726708,
144115188094726729,
144115188094726730,
144115188094726812,
144115188094726813,
144115188094726862,
144115188094726863,
144115188094726886,
144115188094726887,
144115188094726954,
144115188094726955,
144115188094727312,
144115188094727386,
144115188094727387,
144115188094727410,
144115188094727411,
144115188094727450,
144115188094727451,
144115188094727494,
144115188094727495,
144115188094727500,
144115188094727501,
144115188094727792,
144115188094727793,
144115188094727857,
144115188094727943,
144115188094728183,
144115188094728184,
144115188094728203,
144115188094728204,
144115188094728431,
144115188094728432,
144115188094728709,
144115188094728710,
144115188094728785,
144115188094728786,
144115188094728825,
144115188094728826,
144115188094729109,
144115188094729110,
144115188094729123,
144115188094729124,
144115188094729311,
144115188094729312,
144115188094729373,
144115188094729374,
144115188094729442,
144115188094729443,
144115188094729487,
144115188094729488,
144115188094729547,
144115188094729548,
144115188094729612,
144115188094729613,
144115188094729665,
144115188094729666,
144115188094729877,
144115188094729878,
144115188094729886,
144115188094729887,
144115188094729896,
144115188094729897,
144115188094729904,
144115188094729905,
144115188094729946,
144115188094729947,
144115188094729964,
144115188094729965,
144115188094729976,
144115188094729977,
144115188094730233,
144115188094730234,
144115188094730354,
144115188094730355,
144115188094730497,
144115188094730498,
144115188094730509,
144115188094730510,
144115188094730543,
144115188094730544,
144115188094730545,
144115188094730546,
144115188094730555,
144115188094730556,
144115188094730561,
144115188094730562,
144115188094730583,
144115188094730584,
144115188094730639,
144115188094730640,
144115188094730903,
144115188094730904,
144115188094730929,
144115188094730930,
144115188094730936,
144115188094730947,
144115188094730948,
144115188094730979,
144115188094730980,
144115188094731001,
144115188094731002,
144115188094731025,
144115188094731026,
144115188094731356,
144115188094731357,
144115188094731420,
144115188094731421,
144115188094731422,
144115188094731423,
144115188094731430,
144115188094731431,
144115188094731433,
144115188094731475,
144115188094731484,
144115188094731485,
144115188094731504,
144115188094731515,
144115188094731533,
144115188094731534,
144115188094731582,
144115188094731583,
144115188094731600,
144115188094731601,
144115188094731647,
144115188094731680,
144115188094731681,
144115188094731742,
144115188094731743,
144115188094731750,
144115188094731751,
144115188094731802,
144115188094731803,
144115188094732120,
144115188094732121,
144115188094732154,
144115188094732155,
144115188094732248,
144115188094732249,
144115188094732250,
144115188094732251,
144115188094732579,
144115188094732580,
144115188094732589,
144115188094732590,
144115188094732641,
144115188094732642,
144115188094732661,
144115188094732662,
144115188094732695,
144115188094732696,
144115188094732952,
144115188094732953,
144115188094733116,
144115188094733117,
144115188094733148,
144115188094733149,
144115188094733218,
144115188094733219,
144115188094733298,
144115188094733299,
144115188094733336,
144115188094733337,
144115188094733594,
144115188094733595,
144115188094733654,
144115188094733655,
144115188094733702,
144115188094733703,
144115188094733720,
144115188094733721,
144115188094734010,
144115188094734011,
144115188094734092,
144115188094734093,
144115188094734152,
144115188094734153,
144115188094734164,
144115188094734165,
144115188094734176,
144115188094734177,
144115188094734519,
144115188094734520,
144115188094734669,
144115188094734670,
144115188094735109,
144115188094735300,
144115188094735301,
144115188094735362,
144115188094735363,
144115188094735404,
144115188094735405,
144115188094735408,
144115188094735409,
144115188094735495,
144115188094735661,
144115188094735662,
144115188094735721,
144115188094735722,
144115188094735799,
144115188094735800,
144115188094735954,
144115188094735955,
144115188094736040,
144115188094736041,
144115188094736042,
144115188094736043,
144115188094736359,
144115188094736378,
144115188094736379,
144115188094736414,
144115188094736415,
144115188094736458,
144115188094736459,
144115188094736512,
144115188094736513,
144115188094736542,
144115188094736543,
144115188094736590,
144115188094736591,
144115188094736943,
144115188094736944,
144115188094737021,
144115188094737022,
144115188094737077,
144115188094737078,
144115188094737081,
144115188094737082,
144115188094737151,
144115188094737152,
144115188094737325,
144115188094737326,
144115188094737372,
144115188094737373,
144115188094737374,
144115188094737526,
144115188094737539,
144115188094737565,
144115188094737568,
144115188094737826,
144115188094737840,
144115188094737841,
144115188094737968,
144115188094737969,
144115188094738026,
144115188094738032,
144115188094738033,
144115188094738054,
144115188094738068,
144115188094738081,
144115188094738082,
144115188094738101,
144115188094738102,
144115188094738107,
144115188094738108,
144115188094738125,
144115188094738126,
144115188094738139,
144115188094738140,
144115188094738145,
144115188094738146,
144115188094738398,
144115188094738399,
144115188094738434,
144115188094738475,
144115188094738477,
144115188094738640,
144115188094738641,
144115188094738684,
144115188094738685,
144115188094738925,
144115188094738926,
144115188094738934,
144115188094738942,
144115188094738979,
144115188094738980,
144115188094739057,
144115188094739058,
144115188094739401,
144115188094739402,
144115188094739419,
144115188094739420,
144115188094739707,
144115188094739708,
144115188094739783,
144115188094739784,
144115188094739791,
144115188094739792,
144115188094739793,
144115188094739824,
144115188094739859,
144115188094739860,
144115188094739883,
144115188094739885,
144115188094740560,
144115188094740561,
144115188094740654,
144115188094740655,
144115188094740747,
144115188094740748,
144115188094740789,
144115188094740790,
144115188094740801,
144115188094740802,
144115188094740833,
144115188094740834,
144115188094740835,
144115188094740836,
144115188094740999,
144115188094741000,
144115188094741241,
144115188094741242,
144115188094741263,
144115188094741264,
144115188094741369,
144115188094741370,
144115188094741535,
144115188094741536,
144115188094741593,
144115188094741594,
144115188094741857,
144115188094741858,
144115188094741897,
144115188094741898,
144115188094741971,
144115188094741972,
144115188094742053,
144115188094742054,
144115188094742245,
144115188094742246,
144115188094742316,
144115188094742317,
144115188094742336,
144115188094742337,
144115188094742356,
144115188094742357,
144115188094742370,
144115188094742371,
144115188094742458,
144115188094742459,
144115188094742620,
144115188094742621,
144115188094742871,
144115188094742872,
144115188094742922,
144115188094742923,
144115188094742941,
144115188094742942,
144115188094743023,
144115188094743024,
144115188094743112,
144115188094743113,
144115188094743312,
144115188094743313,
144115188094743445,
144115188094743446,
144115188094743511,
144115188094743521,
144115188094743528,
144115188094743567,
144115188094743568,
144115188094743573,
144115188094743574,
144115188094743593,
144115188094743594,
144115188094743595,
144115188094743596,
144115188094743653,
144115188094743654,
144115188094743667,
144115188094743668,
144115188094743886,
144115188094743887,
144115188094743892,
144115188094744078,
144115188094744079,
144115188094744128,
144115188094744129,
144115188094744232,
144115188094744233,
144115188094744234,
144115188094744282,
144115188094744284,
144115188094744550,
144115188094744551,
144115188094744600,
144115188094744601,
144115188094744622,
144115188094744632,
144115188094744989,
144115188094744990,
144115188094745079,
144115188094745080,
144115188094745107,
144115188094745108,
144115188094745110,
144115188094745131,
144115188094745132,
144115188094745145,
144115188094745146,
144115188094745203,
144115188094745283,
144115188094745284,
144115188094745343,
144115188094745349,
144115188094745455,
144115188094745456,
144115188094745545,
144115188094745546,
144115188094745603,
144115188094745604,
144115188094745615,
144115188094745616,
144115188094745773,
144115188094745774,
144115188094745994,
144115188094745995,
144115188094746060,
144115188094746061,
144115188094746247,
144115188094746248,
144115188094746279,
144115188094746280,
144115188094746317,
144115188094746318,
144115188094746355,
144115188094746356,
144115188094746401,
144115188094746402,
144115188094746657,
144115188094746658,
144115188094746659,
144115188094746827,
144115188094746828,
144115188094746843,
144115188094746844,
144115188094746895,
144115188094746896,
144115188094746925,
144115188094746926,
144115188094746945,
144115188094746946,
144115188094746965,
144115188094746966,
144115188094747169,
144115188094747170,
144115188094747191,
144115188094747192,
144115188094747195,
144115188094747196,
144115188094747201,
144115188094747202,
144115188094747225,
144115188094747226,
144115188094747247,
144115188094747248,
144115188094747305,
144115188094747306,
144115188094747507,
144115188094747508,
144115188094747511,
144115188094747512,
144115188094747611,
144115188094747612,
144115188094747619,
144115188094747620,
144115188094747623,
144115188094747624,
144115188094747731,
144115188094747732,
144115188094747753,
144115188094747754,
144115188094747881,
144115188094747882,
144115188094748192,
144115188094748193,
144115188094748318,
144115188094748319,
144115188094748370,
144115188094748371,
144115188094748388,
144115188094748389,
144115188094748694,
144115188094748695,
144115188094748696,
144115188094748697,
144115188094748712,
144115188094748713,
144115188094748774,
144115188094748775,
144115188094748786,
144115188094748793,
144115188094748824,
144115188094748825,
144115188094748864,
144115188094748865,
144115188094748938,
144115188094748939,
144115188094748944,
144115188094748956,
144115188094748957,
144115188094748958,
144115188094749128,
144115188094749237,
144115188094749238,
144115188094749265,
144115188094749266,
144115188094749309,
144115188094749312,
144115188094749376,
144115188094749540,
144115188094749541,
144115188094749546,
144115188094749547,
144115188094749552,
144115188094749553,
144115188094749682,
144115188094749696,
144115188094749770,
144115188094749771,
144115188094749815,
144115188094749820,
144115188094749821,
144115188094749835,
144115188094749874,
144115188094749875,
144115188094749928,
144115188094749929,
144115188094749951,
144115188094749962,
144115188094749974,
144115188094749975,
144115188094749982,
144115188094749983,
144115188094750006,
144115188094750264,
144115188094750300,
144115188094750332,
144115188094750333,
144115188094750352,
144115188094750353,
144115188094750430,
144115188094750431,
144115188094750432,
144115188094750438,
144115188094750439,
144115188094750778,
144115188094750785,
144115188094750786,
144115188094750813,
144115188094750814,
144115188094750821,
144115188094750822,
144115188094750827,
144115188094750841,
144115188094750842,
144115188094750859,
144115188094750860,
144115188094750885,
144115188094750886,
144115188094751073,
144115188094751074,
144115188094751120,
144115188094751121,
144115188094751134,
144115188094751148,
144115188094751149,
144115188094751208,
144115188094751286,
144115188094751287,
144115188094751339,
144115188094751340,
144115188094751417,
144115188094751418,
144115188094751439,
144115188094751440,
144115188094751593,
144115188094751594,
144115188094751609,
144115188094751613,
144115188094751614,
144115188094751675,
144115188094751676,
144115188094751682,
144115188094751696,
144115188094751697,
144115188094751704,
144115188094751705,
144115188094751900,
144115188094751901,
144115188094752240,
144115188094752241,
144115188094752460,
144115188094752461,
144115188094752775,
144115188094752776,
144115188094752843,
144115188094752844,
144115188094752851,
144115188094752852,
144115188094752897,
144115188094752898,
144115188094752969,
144115188094752970,
144115188094753107,
144115188094753108,
144115188094753219,
144115188094753220,
144115188094753496,
144115188094753497,
144115188094753500,
144115188094753501,
144115188094753556,
144115188094753557,
144115188094753813,
144115188094753814,
144115188094753815,
144115188094753816,
144115188094753909,
144115188094753910,
144115188094754024,
144115188094754025,
144115188094754128,
144115188094754129,
144115188094754308,
144115188094754444,
144115188094754445,
144115188094754590,
144115188094754591,
144115188094754599,
144115188094754600,
144115188094754732,
144115188094754780,
144115188094754781,
144115188094754979,
144115188094755203,
144115188094755204,
144115188094755229,
144115188094755230,
144115188094755238,
144115188094755253,
144115188094755254,
144115188094755325,
144115188094755326,
144115188094755502,
144115188094755522,
144115188094755523,
144115188094755584,
144115188094755585,
144115188094755590,
144115188094755591,
144115188094755632,
144115188094755633,
144115188094755638,
144115188094755639,
144115188094755640,
144115188094755641,
144115188094755724,
144115188094755725,
144115188094755748,
144115188094755816,
144115188094755817,
144115188094755822,
144115188094755823,
144115188094755828,
144115188094755829,
144115188094756033,
144115188094756034,
144115188094756065,
144115188094756074,
144115188094756075,
144115188094756086,
144115188094756087,
144115188094756088,
144115188094756178,
144115188094756212,
144115188094756213,
144115188094756248,
144115188094756272,
144115188094756273,
144115188094756278,
144115188094756290,
144115188094756291,
144115188094756315,
144115188094756316,
144115188094756631,
144115188094756632,
144115188094756643,
144115188094756644,
144115188094756689,
144115188094756690,
144115188094756713,
144115188094756714,
144115188094756738,
144115188094756750,
144115188094756759,
144115188094756762,
144115188094756875,
144115188094756876,
144115188094756909,
144115188094756910,
144115188094757233,
144115188094757234,
144115188094757243,
144115188094757244,
144115188094757322,
144115188094757323,
144115188094757733,
144115188094757735,
144115188094757736,
144115188094757780,
144115188094757781,
144115188094757824,
144115188094757825,
144115188094757858,
144115188094757859,
144115188094757897,
144115188094757908,
144115188094757909,
144115188094757918,
144115188094757919,
144115188094757972,
144115188094757973,
144115188094758000,
144115188094758001,
144115188094758009,
144115188094758068,
144115188094758069,
144115188094758076,
144115188094758077,
144115188094758094,
144115188094758095,
144115188094758104,
144115188094758377,
144115188094758378,
144115188094758509,
144115188094758510,
144115188094758926,
144115188094758927,
144115188094759010,
144115188094759011,
144115188094759024,
144115188094759025,
144115188094759042,
144115188094759043,
144115188094759070,
144115188094759071,
144115188094759123,
144115188094759124,
144115188094759171,
144115188094759172,
144115188094759211,
144115188094759212,
144115188094759215,
144115188094759216,
144115188094759551,
144115188094759552,
144115188094759696,
144115188094759697,
144115188094760215,
144115188094760216,
144115188094760223,
144115188094760254,
144115188094760327,
144115188094760328,
144115188094760333,
144115188094760334,
144115188094760589,
144115188094760590,
144115188094760651,
144115188094760652,
144115188094760663,
144115188094760664,
144115188094760841,
144115188094760842,
144115188094761087,
144115188094761088,
144115188094761280,
144115188094761281,
144115188094761288,
144115188094761289,
144115188094761320,
144115188094761321,
144115188094761338,
144115188094761339,
144115188094761653,
144115188094761654,
144115188094761721,
144115188094761722,
144115188094761747,
144115188094761748,
144115188094761814,
144115188094761815,
144115188094761816,
144115188094761817,
144115188094762311,
144115188094762312,
144115188094762341,
144115188094762342,
144115188094762397,
144115188094762398,
144115188094762417,
144115188094762418,
144115188094762431,
144115188094762432,
144115188094762841,
144115188094762842,
144115188094762849,
144115188094762850,
144115188094762947,
144115188094762948,
144115188094763055,
144115188094763056,
144115188094763114,
144115188094763115,
144115188094763200,
144115188094763201,
144115188094763306,
144115188094763307,
144115188094763437,
144115188094763526,
144115188094763528,
144115188094763573,
144115188094763601,
144115188094763602,
144115188094763775,
144115188094763776,
144115188094764003,
144115188094764139,
144115188094764140,
144115188094764157,
144115188094764158,
144115188094764173,
144115188094764174,
144115188094764199,
144115188094764208,
144115188094764256,
144115188094764257,
144115188094764262,
144115188094764263,
144115188094764298,
144115188094764299,
144115188094764342,
144115188094764343,
144115188094764354,
144115188094764355,
144115188094764367,
144115188094764380,
144115188094764381,
144115188094764460,
144115188094764461,
144115188094764735,
144115188094764944,
144115188094764945,
144115188094765361,
144115188094765362,
144115188094765429,
144115188094765430,
144115188094765678,
144115188094765679,
144115188094765720,
144115188094765721,
144115188094765742,
144115188094765773,
144115188094765927,
144115188094765928,
144115188094766093,
144115188094766094,
144115188094766360,
144115188094766361,
144115188094766530,
144115188094766531,
144115188094766562,
144115188094766563,
144115188094766673,
144115188094766674,
144115188094767023,
144115188094767024,
144115188094767067,
144115188094767068,
144115188094767117,
144115188094767118,
144115188094767163,
144115188094767164,
144115188094767169,
144115188094767170,
144115188094767173,
144115188094767174,
144115188094767489,
144115188094767490,
144115188094767531,
144115188094767544,
144115188094767550,
144115188094767551,
144115188094767595,
144115188094767596,
144115188094767651,
144115188094767652,
144115188094767711,
144115188094767712,
144115188094767833,
144115188094767834,
144115188094767888,
144115188094767919,
144115188094767920,
144115188094767925,
144115188094767926,
144115188094768138,
144115188094768139,
144115188094768197,
144115188094768198,
144115188094768392,
144115188094768393,
144115188094768566,
144115188094768567,
144115188094768692,
144115188094768693,
144115188094768881,
144115188094768882,
144115188094768937,
144115188094768938,
144115188094769029,
144115188094769030,
144115188094769143,
144115188094769144,
144115188094769177,
144115188094769178,
144115188094769219,
144115188094769220,
144115188094769221,
144115188094769222,
144115188094769335,
144115188094769336,
144115188094769720,
144115188094769721,
144115188094769730,
144115188094769731,
144115188094769743,
144115188094769806,
144115188094769807,
144115188094769822,
144115188094769823,
144115188094769855,
144115188094769990,
144115188094769991,
144115188094770064,
144115188094770300,
144115188094770301,
144115188094770384,
144115188094770385,
144115188094770458,
144115188094770459,
144115188094770486,
144115188094770487,
144115188094770492,
144115188094770566,
144115188094770567,
144115188094770584,
144115188094770585,
144115188094770698,
144115188094770699,
144115188094770872,
144115188094770873,
144115188094770940,
144115188094770941,
144115188094770942,
144115188094770943,
144115188094771035,
144115188094771036,
144115188094771041,
144115188094771168,
144115188094771169,
144115188094771292,
144115188094771293,
144115188094771356,
144115188094771357,
144115188094771376,
144115188094771405,
144115188094771420,
144115188094771421,
144115188094771534,
144115188094771535,
144115188094771536,
144115188094771537,
144115188094771538,
144115188094771539,
144115188094771934,
144115188094771935,
144115188094771944,
144115188094771975,
144115188094772145,
144115188094772146,
144115188094772469,
144115188094772470,
144115188094772580,
144115188094772600,
144115188094772656,
144115188094772810,
144115188094772816,
144115188094772817,
144115188094772832,
144115188094772833,
144115188094772834,
144115188094772835,
144115188094772994,
144115188094772995,
144115188094773048,
144115188094773049,
144115188094773275,
144115188094773276,
144115188094773387,
144115188094773388,
144115188094773397,
144115188094773441,
144115188094773442,
144115188094773589,
144115188094773620,
144115188094773684,
144115188094773691,
144115188094773692,
144115188094773763,
144115188094773764,
144115188094773822,
144115188094773823,
144115188094773910,
144115188094773911,
144115188094774402,
144115188094774403,
144115188094774462,
144115188094774463,
144115188094774660,
144115188094774661,
144115188094774680,
144115188094774681,
144115188094774922,
144115188094774923,
144115188094774982,
144115188094774983,
144115188094775292,
144115188094775293,
144115188094775428,
144115188094775429,
144115188094775512,
144115188094775513,
144115188094775540,
144115188094775541,
144115188094775542,
144115188094775549,
144115188094775550,
144115188094775563,
144115188094775564,
144115188094775585,
144115188094775586,
144115188094775691,
144115188094775692,
144115188094775699,
144115188094775700,
144115188094775759,
144115188094775760,
144115188094775809,
144115188094775810,
144115188094776164,
144115188094776165,
144115188094776251,
144115188094776273,
144115188094776311,
144115188094776312,
144115188094776333,
144115188094776334,
144115188094776349,
144115188094776350,
144115188094776393,
144115188094776394,
144115188094776407,
144115188094776408,
144115188094776417,
144115188094776418,
144115188094776579,
144115188094776580,
144115188094776902,
144115188094776903,
144115188094776906,
144115188094776907,
144115188094777006,
144115188094777007,
144115188094777119,
144115188094777120,
144115188094777171,
144115188094777172,
144115188094777191,
144115188094777445,
144115188094777744,
144115188094777745,
144115188094777756,
144115188094777757,
144115188094777817,
144115188094777818,
144115188094777903,
144115188094777904,
144115188094777933,
144115188094777934,
144115188094777963,
144115188094777964,
144115188094777981,
144115188094778055,
144115188094778056,
144115188094778067,
144115188094778103,
144115188094778104,
144115188094778212,
144115188094778392,
144115188094778393,
144115188094778474,
144115188094778475,
144115188094778478,
144115188094778479,
144115188094778488,
144115188094778489,
144115188094778532,
144115188094778533,
144115188094778540,
144115188094778541,
144115188094778544,
144115188094778545,
144115188094778664,
144115188094778665,
144115188094778829,
144115188094778830,
144115188094778910,
144115188094778911,
144115188094778996,
144115188094778997,
144115188094779102,
144115188094779103,
144115188094779553,
144115188094779554,
144115188094780073,
144115188094780074,
144115188094780346,
144115188094780347,
144115188094780468,
144115188094780469,
144115188094780514,
144115188094780515,
144115188094780572,
144115188094780573,
144115188094780766,
144115188094780767,
144115188094780876,
144115188094780877,
144115188094781104,
144115188094781105,
144115188094781122,
144115188094781123,
144115188094781370,
144115188094781371,
144115188094781443,
144115188094781444,
144115188094781475,
144115188094781476,
144115188094781535,
144115188094781536,
144115188094781691,
144115188094781692,
144115188094781712,
144115188094781905,
144115188094781906,
144115188094782144,
144115188094782287,
144115188094782288,
144115188094782353,
144115188094782354,
144115188094782412,
144115188094782413,
144115188094782450,
144115188094782520,
144115188094782521,
144115188094782569,
144115188094782605,
144115188094782606,
144115188094782627,
144115188094782628,
144115188094782645,
144115188094782646,
144115188094782825,
144115188094782826,
144115188094782843,
144115188094782887,
144115188094782899,
144115188094782906,
144115188094783073,
144115188094783074,
144115188094783195,
144115188094783196,
144115188094783309,
144115188094783310,
144115188094783346,
144115188094783347,
144115188094783373,
144115188094783392,
144115188094783393,
144115188094783446,
144115188094783447,
144115188094783452,
144115188094783453,
144115188094783508,
144115188094783509,
144115188094783572,
144115188094783573,
144115188094783584,
144115188094783585,
144115188094783654,
144115188094783655,
144115188094783694,
144115188094783695,
144115188094783708,
144115188094783709,
144115188094783714,
144115188094783715,
144115188094783825,
144115188094784022,
144115188094784023,
144115188094784173,
144115188094784174,
144115188094784185,
144115188094784186,
144115188094784206,
144115188094784225,
144115188094784226,
144115188094784243,
144115188094784244,
144115188094784263,
144115188094784264,
144115188094784367,
144115188094784368,
144115188094784541,
144115188094784542,
144115188094784886,
144115188094784887,
144115188094785460,
144115188094785461,
144115188094785500,
144115188094785501,
144115188094785592,
144115188094785593,
144115188094785604,
144115188094785605,
144115188094785628,
144115188094785629,
144115188094785670,
144115188094785671,
144115188094785885,
144115188094785927,
144115188094785928,
144115188094785985,
144115188094785986,
144115188094786069,
144115188094786135,
144115188094786162,
144115188094786163,
144115188094786188,
144115188094786212,
144115188094786213,
144115188094786314,
144115188094786315,
144115188094786324,
144115188094786325,
144115188094786434,
144115188094786438,
144115188094786497,
144115188094786616,
144115188094786617,
144115188094786619,
144115188094786676,
144115188094786677,
144115188094786732,
144115188094786733,
144115188094786750,
144115188094786751,
144115188094786895,
144115188094786896,
144115188094786907,
144115188094786908,
144115188094786921,
144115188094786922,
144115188094786935,
144115188094787085,
144115188094787086,
144115188094787426,
144115188094787427,
144115188094787438,
144115188094787439,
144115188094787602,
144115188094787970,
144115188094788045,
144115188094788062,
144115188094788063,
144115188094788106,
144115188094788227,
144115188094788411,
144115188094788444,
144115188094788445,
144115188094788542,
144115188094788543,
144115188094788548,
144115188094788549,
144115188094788551,
144115188094788680,
144115188094788681,
144115188094788690,
144115188094788691,
144115188094788692,
144115188094788693,
144115188094788706,
144115188094788707,
144115188094788746,
144115188094788747,
144115188094788766,
144115188094788812,
144115188094788813,
144115188094789060,
144115188094789061,
144115188094789108,
144115188094789109,
144115188094789151,
144115188094789152,
144115188094789165,
144115188094789166,
144115188094789355,
144115188094789356,
144115188094789537,
144115188094789538,
144115188094789587,
144115188094789588,
144115188094789707,
144115188094789708,
144115188094789775,
144115188094789776,
144115188094789805,
144115188094789806,
144115188094789825,
144115188094789826,
144115188094790263,
144115188094790264,
144115188094790531,
144115188094790532,
144115188094790602,
144115188094790769,
144115188094790770,
144115188094790781,
144115188094790782,
144115188094790825,
144115188094790826,
144115188094791053,
144115188094791054,
144115188094791079,
144115188094791080,
144115188094791440,
144115188094791441,
144115188094791482,
144115188094791483,
144115188094791710,
144115188094791816,
144115188094791830,
144115188094791991,
144115188094791992,
144115188094792023,
144115188094792024,
144115188094792033,
144115188094792034,
144115188094792081,
144115188094792082,
144115188094792161,
144115188094792162,
144115188094792185,
144115188094792186,
144115188094792311,
144115188094792312,
144115188094792747,
144115188094792748,
144115188094792757,
144115188094792758,
144115188094793080,
144115188094793081,
144115188094793098,
144115188094793099,
144115188094793126,
144115188094793127,
144115188094793128,
144115188094793129,
144115188094793131,
144115188094793202,
144115188094793203,
144115188094793248,
144115188094793249,
144115188094793274,
144115188094793275,
144115188094793574,
144115188094793575,
144115188094793692,
144115188094793693,
144115188094793755,
144115188094793756,
144115188094793777,
144115188094793778,
144115188094793869,
144115188094793870,
144115188094793967,
144115188094793968,
144115188094794427,
144115188094794428,
144115188094794501,
144115188094794502,
144115188094794545,
144115188094794546,
144115188094794910,
144115188094794911,
144115188094794932,
144115188094794933,
144115188094794950,
144115188094794951,
144115188094794994,
144115188094794995,
144115188094795148,
144115188094795149,
144115188094795352,
144115188094795353,
144115188094795451,
144115188094795452,
144115188094795579,
144115188094795866,
144115188094795934,
144115188094795935,
144115188094795942,
144115188094795943,
144115188094796102,
144115188094796103,
144115188094796175,
144115188094796206,
144115188094796216,
144115188094796295,
144115188094796304,
144115188094796839,
144115188094796840,
144115188094796944,
144115188094796945,
144115188094797476,
144115188094797477,
144115188094797626,
144115188094797627,
144115188094797686,
144115188094797687,
144115188094797738,
144115188094797739,
144115188094797868,
144115188094797869,
144115188094797996,
144115188094798095,
144115188094798096,
144115188094798177,
144115188094798178,
144115188094798183,
144115188094798184,
144115188094798193,
144115188094798194,
144115188094798201,
144115188094798202,
144115188094798209,
144115188094798225,
144115188094798226,
144115188094798331,
144115188094798332,
144115188094798393,
144115188094798394,
144115188094798440,
144115188094798684,
144115188094798685,
144115188094798805,
144115188094798806,
144115188094798869,
144115188094798870,
144115188094798974,
144115188094798975,
144115188094799025,
144115188094799026,
144115188094799111,
144115188094799112,
144115188094799115,
144115188094799116,
144115188094799121,
144115188094799122,
144115188094799133,
144115188094799134,
144115188094799185,
144115188094799186,
144115188094799255,
144115188094799286,
144115188094799528,
144115188094799589,
144115188094799590,
144115188094799623,
144115188094799624,
144115188094800158,
144115188094800159,
144115188094800222,
144115188094800223,
144115188094800263,
144115188094800276,
144115188094800277,
144115188094800343,
144115188094800396,
144115188094800397,
144115188094800426,
144115188094800427,
144115188094800512,
144115188094800513,
144115188094800802,
144115188094800803,
144115188094801236,
144115188094801237,
144115188094801282,
144115188094801283,
144115188094801672,
144115188094801673,
144115188094801754,
144115188094801755,
144115188094801951,
144115188094801952,
144115188094801957,
144115188094801958,
144115188094801977,
144115188094801978,
144115188094801987,
144115188094801988,
144115188094802095,
144115188094802096,
144115188094802269,
144115188094802270,
144115188094802277,
144115188094802278,
144115188094802492,
144115188094802493,
144115188094802528,
144115188094802529,
144115188094802576,
144115188094802577,
144115188094802738,
144115188094802739,
144115188094802852,
144115188094802853,
144115188094802856,
144115188094802857,
144115188094803036,
144115188094803037,
144115188094803195,
144115188094803196,
144115188094803237,
144115188094803238,
144115188094803351,
144115188094803352,
144115188094803429,
144115188094803430,
144115188094803497,
144115188094803498,
144115188094803535,
144115188094803536,
144115188094803551,
144115188094803552,
144115188094803562,
144115188094803589,
144115188094803590,
144115188094803599,
144115188094803600,
144115188094803661,
144115188094803662,
144115188094804018,
144115188094804019,
144115188094804040,
144115188094804041,
144115188094804048,
144115188094804049,
144115188094804153,
144115188094804228,
144115188094804268,
144115188094804306,
144115188094804307,
144115188094804536,
144115188094804537,
144115188094804827,
144115188094804828,
144115188094804926,
144115188094804927,
144115188094804952,
144115188094804953,
144115188094804974,
144115188094804975,
144115188094805070,
144115188094805071,
144115188094805078,
144115188094805079,
144115188094805092,
144115188094805093,
144115188094805104,
144115188094805105,
144115188094805136,
144115188094805137,
144115188094805182,
144115188094805183,
144115188094805260,
144115188094805261,
144115188094805300,
144115188094805301,
144115188094805453,
144115188094805460,
144115188094805461,
144115188094805462,
144115188094805464,
144115188094805465,
144115188094805470,
144115188094805471,
144115188094805494,
144115188094805495,
144115188094805532,
144115188094805533,
144115188094805604,
144115188094805605,
144115188094805656,
144115188094805657,
144115188094805666,
144115188094805667,
144115188094805698,
144115188094805699,
144115188094805740,
144115188094805741,
144115188094805799,
144115188094805800,
144115188094805837,
144115188094805838,
144115188094805851,
144115188094805852,
144115188094806099,
144115188094806100);
